P0: 0.000000000000e+00 0.000000000000e+00 0.000000000000e+00 0.000000000000e+00 0.000000000000e+00 0.000000000000e+00 0.000000000000e+00 0.000000000000e+00 0.000000000000e+00 0.000000000000e+00 0.000000000000e+00 0.000000000000e+00
P1: 0.000000000000e+00 0.000000000000e+00 0.000000000000e+00 0.000000000000e+00 0.000000000000e+00 0.000000000000e+00 0.000000000000e+00 0.000000000000e+00 0.000000000000e+00 0.000000000000e+00 0.000000000000e+00 0.000000000000e+00
P2: 1.252813102119e+03 0.000000000000e+00 8.265881147814e+02 0.000000000000e+00 0.000000000000e+00 1.252813102119e+03 4.699846626225e+02 0.000000000000e+00 0.000000000000e+00 0.000000000000e+00 1.000000000000e+00 0.000000000000e+00
P3: 0.000000000000e+00 0.000000000000e+00 0.000000000000e+00 0.000000000000e+00 0.000000000000e+00 0.000000000000e+00 0.000000000000e+00 0.000000000000e+00 0.000000000000e+00 0.000000000000e+00 0.000000000000e+00 0.000000000000e+00
R0_rect: 1.000000000000e+00 0.000000000000e+00 0.000000000000e+00 0.000000000000e+00 1.000000000000e+00 0.000000000000e+00 0.000000000000e+00 0.000000000000e+00 1.000000000000e+00
Tr_velo_to_cam: 1.122025939680e-02 -9.998986137987e-01 -8.767434198194e-03 -7.022340992421e-03 5.464515701519e-02 9.368031550068e-03 -9.984618905094e-01 -3.515059821513e-01 9.984427938514e-01 1.072390359095e-02 5.474472849433e-02 -7.332408994883e-01
Tr_imu_to_velo: 0.000000000000e+00 0.000000000000e+00 0.000000000000e+00 0.000000000000e+00 0.000000000000e+00 0.000000000000e+00 0.000000000000e+00 0.000000000000e+00 0.000000000000e+00 0.000000000000e+00 0.000000000000e+00 0.000000000000e+00
cam_ego_pose: -9.586622789991e-01 -2.841320259477e-01 -1.535013534829e-02 3.322710500667e+02 2.841976480049e-01 -9.587631178276e-01 -2.231762097619e-03 6.593614810372e+02 -1.408302853937e-02 -6.501978501227e-03 9.998796890540e-01 0.000000000000e+00
lidar_ego_pose: -9.580764115813e-01 -2.860776735341e-01 -1.578462152974e-02 3.320797577475e+02 2.861383793236e-01 -9.581868260686e-01 -1.683516151181e-03 6.594188573738e+02 -1.464300002039e-02 -6.129523135720e-03 9.998739978100e-01 0.000000000000e+00
camera_extrinsics: 1.026020777540e-02 8.433448071667e-03 9.999117986553e-01 1.722005684780e+00 -9.998725753703e-01 1.231625577249e-02 1.015592763520e-02 4.754532922890e-03 -1.222951997384e-02 -9.998885871923e-01 8.558740785910e-03 1.494912919050e+00 0.000000000000e+00 0.000000000000e+00 0.000000000000e+00 1.000000000000e+00
lidar_extrinsics: -5.427950039371e-04 9.989306991411e-01 4.622946773398e-02 9.857930000000e-01 -9.999954923496e-01 -4.056931666274e-04 -2.975011510460e-03 0.000000000000e+00 -2.953075348940e-03 -4.623087416909e-02 9.989264165190e-01 1.840190000000e+00 0.000000000000e+00 0.000000000000e+00 0.000000000000e+00 1.000000000000e+00
